<!-- Generated by pkgdown: do not edit by hand -->
<!DOCTYPE html>
<html lang="en">
  <head>
  <meta charset="utf-8">
<meta http-equiv="X-UA-Compatible" content="IE=edge">
<meta name="viewport" content="width=device-width, initial-scale=1.0">

<title>Matrix of Empirical Blomqvist's Beta Values — BetaMatrix • VineCopula</title>


<!-- jquery -->
<script src="https://cdnjs.cloudflare.com/ajax/libs/jquery/3.4.1/jquery.min.js" integrity="sha256-CSXorXvZcTkaix6Yvo6HppcZGetbYMGWSFlBw8HfCJo=" crossorigin="anonymous"></script>
<!-- Bootstrap -->

<link rel="stylesheet" href="https://cdnjs.cloudflare.com/ajax/libs/twitter-bootstrap/3.4.1/css/bootstrap.min.css" integrity="sha256-bZLfwXAP04zRMK2BjiO8iu9pf4FbLqX6zitd+tIvLhE=" crossorigin="anonymous" />

<script src="https://cdnjs.cloudflare.com/ajax/libs/twitter-bootstrap/3.4.1/js/bootstrap.min.js" integrity="sha256-nuL8/2cJ5NDSSwnKD8VqreErSWHtnEP9E7AySL+1ev4=" crossorigin="anonymous"></script>

<!-- bootstrap-toc -->
<link rel="stylesheet" href="../bootstrap-toc.css">
<script src="../bootstrap-toc.js"></script>

<!-- Font Awesome icons -->
<link rel="stylesheet" href="https://cdnjs.cloudflare.com/ajax/libs/font-awesome/5.12.1/css/all.min.css" integrity="sha256-mmgLkCYLUQbXn0B1SRqzHar6dCnv9oZFPEC1g1cwlkk=" crossorigin="anonymous" />
<link rel="stylesheet" href="https://cdnjs.cloudflare.com/ajax/libs/font-awesome/5.12.1/css/v4-shims.min.css" integrity="sha256-wZjR52fzng1pJHwx4aV2AO3yyTOXrcDW7jBpJtTwVxw=" crossorigin="anonymous" />

<!-- clipboard.js -->
<script src="https://cdnjs.cloudflare.com/ajax/libs/clipboard.js/2.0.6/clipboard.min.js" integrity="sha256-inc5kl9MA1hkeYUt+EC3BhlIgyp/2jDIyBLS6k3UxPI=" crossorigin="anonymous"></script>

<!-- headroom.js -->
<script src="https://cdnjs.cloudflare.com/ajax/libs/headroom/0.11.0/headroom.min.js" integrity="sha256-AsUX4SJE1+yuDu5+mAVzJbuYNPHj/WroHuZ8Ir/CkE0=" crossorigin="anonymous"></script>
<script src="https://cdnjs.cloudflare.com/ajax/libs/headroom/0.11.0/jQuery.headroom.min.js" integrity="sha256-ZX/yNShbjqsohH1k95liqY9Gd8uOiE1S4vZc+9KQ1K4=" crossorigin="anonymous"></script>

<!-- pkgdown -->
<link href="../pkgdown.css" rel="stylesheet">
<script src="../pkgdown.js"></script>




<meta property="og:title" content="Matrix of Empirical Blomqvist's Beta Values — BetaMatrix" />
<meta property="og:description" content="This function computes the empirical Blomqvist's beta." />




<!-- mathjax -->
<script src="https://cdnjs.cloudflare.com/ajax/libs/mathjax/2.7.5/MathJax.js" integrity="sha256-nvJJv9wWKEm88qvoQl9ekL2J+k/RWIsaSScxxlsrv8k=" crossorigin="anonymous"></script>
<script src="https://cdnjs.cloudflare.com/ajax/libs/mathjax/2.7.5/config/TeX-AMS-MML_HTMLorMML.js" integrity="sha256-84DKXVJXs0/F8OTMzX4UR909+jtl4G7SPypPavF+GfA=" crossorigin="anonymous"></script>

<!--[if lt IE 9]>
<script src="https://oss.maxcdn.com/html5shiv/3.7.3/html5shiv.min.js"></script>
<script src="https://oss.maxcdn.com/respond/1.4.2/respond.min.js"></script>
<![endif]-->



  </head>

  <body data-spy="scroll" data-target="#toc">
    <div class="container template-reference-topic">
      <header>
      <div class="navbar navbar-default navbar-fixed-top" role="navigation">
  <div class="container">
    <div class="navbar-header">
      <button type="button" class="navbar-toggle collapsed" data-toggle="collapse" data-target="#navbar" aria-expanded="false">
        <span class="sr-only">Toggle navigation</span>
        <span class="icon-bar"></span>
        <span class="icon-bar"></span>
        <span class="icon-bar"></span>
      </button>
      <span class="navbar-brand">
        <a class="navbar-link" href="../index.html">VineCopula</a>
        <span class="version label label-default" data-toggle="tooltip" data-placement="bottom" title="Released version">2.4.0</span>
      </span>
    </div>

    <div id="navbar" class="navbar-collapse collapse">
      <ul class="nav navbar-nav">
        <li>
  <a href="../index.html">
    <span class="fas fa fas fa-home fa-lg"></span>
     
  </a>
</li>
<li>
  <a href="../reference/index.html">Reference</a>
</li>
<li>
  <a href="../news/index.html">Changelog</a>
</li>
      </ul>
      <ul class="nav navbar-nav navbar-right">
        <li>
  <a href="https://github.com/tnagler/VineCopula/">
    <span class="fab fa fab fa-github fa-lg"></span>
     
  </a>
</li>
      </ul>
      
    </div><!--/.nav-collapse -->
  </div><!--/.container -->
</div><!--/.navbar -->

      

      </header>

<div class="row">
  <div class="col-md-9 contents">
    <div class="page-header">
    <h1>Matrix of Empirical Blomqvist's Beta Values</h1>
    <small class="dont-index">Source: <a href='https://github.com/tnagler/VineCopula/blob/master/R/BetaMatrix.R'><code>R/BetaMatrix.R</code></a></small>
    <div class="hidden name"><code>BetaMatrix.Rd</code></div>
    </div>

    <div class="ref-description">
    <p>This function computes the empirical Blomqvist's beta.</p>
    </div>

    <pre class="usage"><span class='fu'>BetaMatrix</span>(<span class='no'>data</span>)</pre>

    <h2 class="hasAnchor" id="arguments"><a class="anchor" href="#arguments"></a>Arguments</h2>
    <table class="ref-arguments">
    <colgroup><col class="name" /><col class="desc" /></colgroup>
    <tr>
      <th>data</th>
      <td><p>An N x d data matrix.</p></td>
    </tr>
    </table>

    <h2 class="hasAnchor" id="value"><a class="anchor" href="#value"></a>Value</h2>

    <p>Matrix of the empirical Blomqvist's betas.</p>
    <h2 class="hasAnchor" id="references"><a class="anchor" href="#references"></a>References</h2>

    <p>Blomqvist, N. (1950).  On a measure of dependence between two
random variables. The Annals of Mathematical Statistics, 21(4), 593-600.</p>
<p>Nelsen, R. (2006). An introduction to copulas.  Springer</p>
    <h2 class="hasAnchor" id="see-also"><a class="anchor" href="#see-also"></a>See also</h2>

    <div class='dont-index'><p><code><a href='TauMatrix.html'>TauMatrix()</a></code>, <code><a href='BiCopPar2Beta.html'>BiCopPar2Beta()</a></code>,
<code><a href='RVinePar2Beta.html'>RVinePar2Beta()</a></code></p></div>

    <h2 class="hasAnchor" id="examples"><a class="anchor" href="#examples"></a>Examples</h2>
    <pre class="examples"><div class='input'>
<span class='fu'><a href='https://rdrr.io/r/utils/data.html'>data</a></span>(<span class='no'>daxreturns</span>)
<span class='no'>data</span> <span class='kw'>&lt;-</span> <span class='fu'><a href='https://rdrr.io/r/base/matrix.html'>as.matrix</a></span>(<span class='no'>daxreturns</span>)

<span class='co'># compute the empirical Blomqvist's betas</span>
<span class='fu'>BetaMatrix</span>(<span class='no'>data</span>)</div><div class='output co'>#&gt;            [,1]      [,2]      [,3]      [,4]      [,5]      [,6]      [,7]
#&gt;  [1,] 1.0000000 0.3989637 0.3316062 0.4110535 0.4369603 0.5215889 0.3298791
#&gt;  [2,] 0.3989637 1.0000000 0.3972366 0.3419689 0.3989637 0.4110535 0.2746114
#&gt;  [3,] 0.3316062 0.3972366 1.0000000 0.3195164 0.3039724 0.3436960 0.2797927
#&gt;  [4,] 0.4110535 0.3419689 0.3195164 1.0000000 0.5112263 0.4265976 0.2763385
#&gt;  [5,] 0.4369603 0.3989637 0.3039724 0.5112263 1.0000000 0.4386874 0.2884283
#&gt;  [6,] 0.5215889 0.4110535 0.3436960 0.4265976 0.4386874 1.0000000 0.3419689
#&gt;  [7,] 0.3298791 0.2746114 0.2797927 0.2763385 0.2884283 0.3419689 1.0000000
#&gt;  [8,] 0.3160622 0.3540587 0.3143351 0.2279793 0.2746114 0.3005181 0.3022453
#&gt;  [9,] 0.1675302 0.2089810 0.1968912 0.2107081 0.1882556 0.1381693 0.2435233
#&gt; [10,] 0.3436960 0.3713299 0.3592401 0.2901554 0.2918826 0.3074266 0.2918826
#&gt; [11,] 0.5423143 0.3557858 0.3264249 0.3402418 0.3834197 0.4093264 0.3108808
#&gt; [12,] 0.2780656 0.3402418 0.2694301 0.2245250 0.2711572 0.2832470 0.3195164
#&gt; [13,] 0.3402418 0.3333333 0.3005181 0.2970639 0.3367876 0.3488774 0.2918826
#&gt; [14,] 0.4594128 0.4490501 0.3540587 0.4300518 0.4490501 0.4956822 0.3074266
#&gt; [15,] 0.2849741 0.2331606 0.1830743 0.3212435 0.3713299 0.2867012 0.1986183
#&gt;            [,8]      [,9]     [,10]     [,11]     [,12]     [,13]     [,14]
#&gt;  [1,] 0.3160622 0.1675302 0.3436960 0.5423143 0.2780656 0.3402418 0.4594128
#&gt;  [2,] 0.3540587 0.2089810 0.3713299 0.3557858 0.3402418 0.3333333 0.4490501
#&gt;  [3,] 0.3143351 0.1968912 0.3592401 0.3264249 0.2694301 0.3005181 0.3540587
#&gt;  [4,] 0.2279793 0.2107081 0.2901554 0.3402418 0.2245250 0.2970639 0.4300518
#&gt;  [5,] 0.2746114 0.1882556 0.2918826 0.3834197 0.2711572 0.3367876 0.4490501
#&gt;  [6,] 0.3005181 0.1381693 0.3074266 0.4093264 0.2832470 0.3488774 0.4956822
#&gt;  [7,] 0.3022453 0.2435233 0.2918826 0.3108808 0.3195164 0.2918826 0.3074266
#&gt;  [8,] 1.0000000 0.2158895 0.2953368 0.2867012 0.5578584 0.2193437 0.3246978
#&gt;  [9,] 0.2158895 1.0000000 0.1778929 0.1830743 0.1951641 0.1848014 0.1865285
#&gt; [10,] 0.2953368 0.1778929 1.0000000 0.3005181 0.2677029 0.2435233 0.3488774
#&gt; [11,] 0.2867012 0.1830743 0.3005181 1.0000000 0.2694301 0.2901554 0.4024180
#&gt; [12,] 0.5578584 0.1951641 0.2677029 0.2694301 1.0000000 0.2642487 0.3385147
#&gt; [13,] 0.2193437 0.1848014 0.2435233 0.2901554 0.2642487 1.0000000 0.3799655
#&gt; [14,] 0.3246978 0.1865285 0.3488774 0.4024180 0.3385147 0.3799655 1.0000000
#&gt; [15,] 0.1468048 0.1122625 0.2089810 0.2659758 0.1813472 0.2504318 0.2901554
#&gt;           [,15]
#&gt;  [1,] 0.2849741
#&gt;  [2,] 0.2331606
#&gt;  [3,] 0.1830743
#&gt;  [4,] 0.3212435
#&gt;  [5,] 0.3713299
#&gt;  [6,] 0.2867012
#&gt;  [7,] 0.1986183
#&gt;  [8,] 0.1468048
#&gt;  [9,] 0.1122625
#&gt; [10,] 0.2089810
#&gt; [11,] 0.2659758
#&gt; [12,] 0.1813472
#&gt; [13,] 0.2504318
#&gt; [14,] 0.2901554
#&gt; [15,] 1.0000000</div><div class='input'>
</div></pre>
  </div>
  <div class="col-md-3 hidden-xs hidden-sm" id="pkgdown-sidebar">
    <nav id="toc" data-toggle="toc" class="sticky-top">
      <h2 data-toc-skip>Contents</h2>
    </nav>
  </div>
</div>


      <footer>
      <div class="copyright">
  <p>Developed by Thomas Nagler, Ulf Schepsmeier, Jakob Stoeber, Eike Christian Brechmann, Benedikt Graeler, Tobias Erhardt.</p>
</div>

<div class="pkgdown">
  <p>Site built with <a href="https://pkgdown.r-lib.org/">pkgdown</a> 1.5.1.</p>
</div>

      </footer>
   </div>

  


  </body>
</html>


